1000
1 773 10;
1 590 88;
1 805 22;
1 990 41;
1 195 80;
2 1 14;
2 99 66;
2 595 79;
2 522 77;
2 582 41;
3 2 99;
3 584 28;
3 254 36;
3 334 33;
3 73 70;
4 1 27;
4 761 2;
4 425 16;
4 564 10;
4 45 31;
5 1 50;
5 507 41;
5 769 20;
5 221 23;
5 155 47;
6 2 11;
6 741 58;
6 428 47;
6 748 86;
6 804 79;
7 4 96;
7 321 4;
7 923 32;
7 718 87;
7 785 72;
8 2 89;
8 882 90;
8 388 42;
8 143 54;
8 209 26;
9 4 46;
9 198 74;
9 31 50;
9 534 68;
9 484 53;
10 8 52;
10 796 92;
10 64 49;
10 395 41;
10 839 79;
11 2 62;
11 275 48;
11 916 89;
11 473 18;
11 724 5;
12 8 14;
12 610 77;
12 666 75;
12 137 44;
12 948 28;
13 12 5;
13 891 28;
13 301 13;
13 800 60;
13 139 89;
14 7 66;
14 733 80;
14 317 93;
14 872 33;
14 665 38;
15 1 63;
15 213 32;
15 975 92;
15 540 5;
15 638 80;
16 11 47;
16 447 5;
16 441 16;
16 309 2;
16 178 45;
17 8 71;
17 426 64;
17 149 11;
17 943 25;
17 555 35;
18 8 83;
18 328 90;
18 378 59;
18 626 57;
18 402 82;
19 4 44;
19 958 10;
19 963 68;
19 854 12;
19 248 60;
20 10 16;
20 707 3;
20 452 63;
20 826 1;
20 175 60;
21 16 46;
21 126 46;
21 936 15;
21 394 35;
21 515 53;
22 18 55;
22 209 85;
22 595 45;
22 687 52;
22 960 48;
23 20 67;
23 84 25;
23 534 13;
23 455 56;
23 215 96;
24 22 32;
24 348 99;
24 698 20;
24 131 92;
24 694 86;
25 17 8;
25 703 31;
25 113 99;
25 214 21;
25 997 69;
26 10 11;
26 44 34;
26 361 81;
26 243 40;
26 688 53;
27 13 24;
27 505 16;
27 189 54;
27 246 99;
27 410 89;
28 26 97;
28 750 47;
28 984 10;
28 407 28;
28 721 71;
29 18 11;
29 37 63;
29 924 47;
29 392 59;
29 101 8;
30 15 1;
30 658 56;
30 192 69;
30 982 89;
30 411 46;
31 5 77;
31 930 64;
31 303 62;
31 407 12;
31 975 75;
32 22 82;
32 965 18;
32 865 96;
32 602 18;
32 739 29;
33 9 15;
33 598 25;
33 463 61;
33 851 35;
33 93 12;
34 19 14;
34 192 48;
34 484 77;
34 313 84;
34 593 91;
35 11 95;
35 196 88;
35 116 66;
35 651 93;
35 41 21;
36 32 61;
36 314 28;
36 767 61;
36 82 6;
36 990 5;
37 5 59;
37 998 90;
37 782 3;
37 904 95;
37 364 2;
38 12 71;
38 902 93;
38 206 59;
38 402 53;
38 40 15;
39 29 7;
39 54 100;
39 403 66;
39 835 14;
39 648 5;
40 37 28;
40 450 86;
40 672 69;
40 33 74;
40 819 46;
41 25 4;
41 211 74;
41 479 85;
41 384 83;
41 377 55;
42 22 74;
42 962 34;
42 655 59;
42 276 29;
42 553 75;
43 7 100;
43 833 54;
43 134 7;
43 974 32;
43 359 27;
44 41 73;
44 708 6;
44 372 69;
44 691 48;
44 798 90;
45 21 72;
45 760 54;
45 327 34;
45 431 26;
45 688 6;
46 30 55;
46 779 42;
46 143 64;
46 81 18;
46 581 55;
47 20 78;
47 850 72;
47 934 69;
47 293 91;
47 695 93;
48 35 49;
48 823 17;
48 620 11;
48 869 12;
48 545 12;
49 22 51;
49 747 41;
49 736 28;
49 16 75;
49 122 64;
50 10 3;
50 391 73;
50 187 62;
50 242 21;
50 317 94;
51 17 13;
51 822 6;
51 866 29;
51 933 14;
51 402 88;
52 28 64;
52 869 19;
52 713 33;
52 129 38;
52 936 41;
53 7 89;
53 207 45;
53 855 46;
53 733 12;
53 729 68;
54 12 65;
54 257 87;
54 239 17;
54 760 42;
54 712 4;
55 19 66;
55 876 26;
55 20 54;
55 826 89;
55 612 94;
56 25 34;
56 969 31;
56 929 27;
56 987 41;
56 138 13;
57 43 32;
57 75 86;
57 647 61;
57 94 18;
57 135 23;
58 28 34;
58 472 99;
58 362 54;
58 263 20;
58 115 79;
59 43 36;
59 890 45;
59 354 2;
59 643 83;
59 8 98;
60 36 25;
60 134 73;
60 198 3;
60 605 44;
60 383 32;
61 12 44;
61 567 4;
61 530 41;
61 296 82;
61 700 5;
62 44 79;
62 189 23;
62 267 33;
62 299 52;
62 14 21;
63 44 71;
63 305 94;
63 798 55;
63 877 88;
63 812 99;
64 8 46;
64 14 35;
64 351 5;
64 363 23;
64 231 88;
65 60 94;
65 812 51;
65 496 4;
65 823 70;
65 152 81;
66 2 56;
66 550 71;
66 689 12;
66 911 49;
66 159 39;
67 28 12;
67 702 56;
67 785 70;
67 562 94;
67 964 69;
68 40 47;
68 986 29;
68 505 42;
68 459 49;
68 497 31;
69 50 7;
69 645 52;
69 450 39;
69 74 42;
69 604 66;
70 20 11;
70 650 26;
70 768 98;
70 736 3;
70 28 96;
71 46 67;
71 750 66;
71 753 65;
71 162 68;
71 365 91;
72 26 86;
72 961 40;
72 688 5;
72 172 24;
72 231 42;
73 27 18;
73 976 30;
73 949 58;
73 445 72;
73 930 70;
74 9 100;
74 421 8;
74 94 23;
74 769 16;
74 408 98;
75 52 100;
75 574 25;
75 54 23;
75 597 89;
75 150 70;
76 54 34;
76 690 51;
76 489 24;
76 871 45;
76 492 34;
77 62 20;
77 399 46;
77 420 72;
77 372 18;
77 239 15;
78 57 28;
78 826 33;
78 750 81;
78 96 29;
78 271 60;
79 17 90;
79 392 70;
79 987 66;
79 309 67;
79 956 57;
80 8 54;
80 699 34;
80 306 82;
80 933 60;
80 157 40;
81 56 81;
81 385 26;
81 576 65;
81 191 67;
81 495 7;
82 67 8;
82 300 54;
82 804 40;
82 985 14;
82 841 34;
83 28 37;
83 620 78;
83 589 28;
83 699 9;
83 757 80;
84 27 52;
84 268 27;
84 911 5;
84 55 49;
84 354 56;
85 19 92;
85 603 46;
85 751 11;
85 327 59;
85 767 36;
86 7 17;
86 890 85;
86 962 93;
86 831 61;
86 235 97;
87 62 20;
87 684 25;
87 760 35;
87 209 45;
87 69 32;
88 29 33;
88 972 41;
88 997 36;
88 568 39;
88 543 2;
89 67 54;
89 69 17;
89 792 39;
89 463 17;
89 401 13;
90 43 77;
90 166 83;
90 285 41;
90 423 27;
90 636 81;
91 90 32;
91 210 34;
91 298 72;
91 487 26;
91 898 67;
92 23 94;
92 264 83;
92 19 5;
92 980 60;
92 725 93;
93 47 86;
93 780 49;
93 272 86;
93 764 99;
93 248 65;
94 47 78;
94 56 30;
94 448 16;
94 730 96;
94 164 67;
95 13 89;
95 202 85;
95 830 35;
95 385 55;
95 645 33;
96 18 33;
96 758 78;
96 645 100;
96 565 31;
96 2 55;
97 61 56;
97 928 58;
97 268 8;
97 278 45;
97 211 83;
98 58 95;
98 284 95;
98 785 85;
98 724 92;
98 329 45;
99 91 69;
99 188 56;
99 413 39;
99 628 88;
99 93 58;
100 79 43;
100 371 68;
100 442 21;
100 439 65;
100 915 98;
101 64 70;
101 90 15;
101 317 51;
101 615 82;
101 447 38;
102 93 10;
102 485 29;
102 150 91;
102 826 18;
102 409 61;
103 58 64;
103 962 28;
103 406 42;
103 801 3;
103 580 9;
104 67 52;
104 572 24;
104 737 55;
104 545 20;
104 323 98;
105 97 50;
105 170 96;
105 949 96;
105 203 98;
105 468 48;
106 44 82;
106 482 95;
106 686 97;
106 768 76;
106 849 43;
107 35 59;
107 869 68;
107 483 70;
107 785 36;
107 72 54;
108 23 77;
108 430 21;
108 953 22;
108 297 53;
108 873 4;
109 82 91;
109 691 58;
109 92 31;
109 318 62;
109 135 68;
110 63 15;
110 918 30;
110 7 1;
110 328 63;
110 281 64;
111 3 83;
111 760 12;
111 420 92;
111 746 45;
111 197 68;
112 30 18;
112 464 90;
112 117 70;
112 774 59;
112 963 22;
113 4 3;
113 506 50;
113 871 64;
113 50 43;
113 763 65;
114 46 52;
114 308 99;
114 56 5;
114 350 80;
114 974 99;
115 97 7;
115 700 25;
115 477 51;
115 85 59;
115 145 26;
116 102 36;
116 214 44;
116 566 100;
116 819 51;
116 147 7;
117 64 85;
117 408 63;
117 674 90;
117 182 68;
117 521 41;
118 2 86;
118 237 23;
118 738 48;
118 365 93;
118 908 61;
119 23 12;
119 249 53;
119 478 80;
119 341 31;
119 133 5;
120 90 50;
120 408 65;
120 274 95;
120 975 3;
120 289 98;
121 50 82;
121 841 38;
121 414 84;
121 486 17;
121 17 3;
122 26 72;
122 386 27;
122 219 70;
122 847 51;
122 734 88;
123 7 88;
123 758 44;
123 336 51;
123 536 48;
123 643 15;
124 40 19;
124 82 59;
124 726 83;
124 689 87;
124 296 98;
125 11 91;
125 881 89;
125 109 27;
125 896 40;
125 281 75;
126 48 12;
126 515 26;
126 459 62;
126 229 74;
126 424 14;
127 90 30;
127 945 69;
127 724 36;
127 589 82;
127 249 40;
128 72 78;
128 846 21;
128 160 73;
128 739 57;
128 431 99;
129 50 83;
129 158 46;
129 147 66;
129 269 71;
129 74 43;
130 41 8;
130 658 25;
130 196 28;
130 138 92;
130 27 94;
131 1 28;
131 80 29;
131 413 15;
131 306 66;
131 246 71;
132 23 20;
132 19 9;
132 881 35;
132 605 99;
132 759 85;
133 53 83;
133 670 23;
133 380 66;
133 697 84;
133 623 99;
134 94 51;
134 302 56;
134 384 14;
134 206 75;
134 819 46;
135 58 80;
135 952 4;
135 224 25;
135 886 29;
135 432 59;
136 119 69;
136 963 10;
136 405 61;
136 170 88;
136 818 5;
137 5 68;
137 517 95;
137 419 25;
137 708 67;
137 650 17;
138 76 89;
138 584 45;
138 197 81;
138 305 66;
138 120 32;
139 81 34;
139 830 5;
139 934 79;
139 258 86;
139 861 1;
140 4 87;
140 325 91;
140 745 2;
140 732 84;
140 750 94;
141 49 8;
141 44 14;
141 107 26;
141 728 57;
141 159 63;
142 35 79;
142 269 89;
142 162 88;
142 784 65;
142 275 91;
143 109 53;
143 945 19;
143 123 65;
143 376 90;
143 799 56;
144 39 22;
144 607 95;
144 195 83;
144 33 83;
144 552 97;
145 43 58;
145 300 99;
145 65 20;
145 187 21;
145 777 59;
146 38 19;
146 79 27;
146 912 92;
146 915 55;
146 35 70;
147 102 63;
147 522 17;
147 919 37;
147 541 78;
147 98 97;
148 20 75;
148 326 39;
148 252 81;
148 365 23;
148 927 77;
149 38 4;
149 34 83;
149 11 73;
149 353 46;
149 71 99;
150 131 99;
150 245 71;
150 775 44;
150 109 54;
150 55 47;
151 60 10;
151 184 46;
151 404 31;
151 266 83;
151 16 87;
152 116 3;
152 750 46;
152 512 59;
152 25 51;
152 188 98;
153 2 68;
153 195 78;
153 823 16;
153 351 69;
153 405 7;
154 90 94;
154 654 100;
154 475 61;
154 172 1;
154 769 31;
155 148 81;
155 684 58;
155 329 100;
155 249 99;
155 686 29;
156 45 95;
156 110 69;
156 372 33;
156 911 23;
156 746 18;
157 109 57;
157 306 67;
157 872 47;
157 372 49;
157 346 75;
158 103 85;
158 551 100;
158 885 10;
158 183 73;
158 376 30;
159 42 57;
159 525 18;
159 946 45;
159 242 32;
159 207 58;
160 64 19;
160 869 89;
160 40 66;
160 665 6;
160 627 66;
161 70 99;
161 3 13;
161 523 91;
161 579 53;
161 886 63;
162 67 54;
162 829 24;
162 284 85;
162 282 69;
162 185 94;
163 111 28;
163 446 91;
163 248 38;
163 45 57;
163 518 10;
164 49 74;
164 495 67;
164 443 54;
164 251 84;
164 74 70;
165 71 72;
165 102 11;
165 728 34;
165 252 82;
165 400 73;
166 17 84;
166 603 10;
166 513 63;
166 755 81;
166 932 64;
167 68 91;
167 497 43;
167 531 66;
167 59 11;
167 113 48;
168 50 64;
168 555 6;
168 497 20;
168 652 61;
168 886 43;
169 79 43;
169 304 92;
169 824 56;
169 493 92;
169 210 66;
170 99 80;
170 782 70;
170 380 19;
170 860 83;
170 930 50;
171 20 99;
171 527 5;
171 790 18;
171 907 11;
171 837 48;
172 106 46;
172 541 9;
172 708 47;
172 576 62;
172 903 61;
173 142 46;
173 834 48;
173 232 25;
173 329 51;
173 430 91;
174 160 19;
174 199 39;
174 136 96;
174 652 61;
174 957 1;
175 165 60;
175 273 3;
175 87 86;
175 786 48;
175 419 20;
176 59 97;
176 685 56;
176 103 96;
176 305 37;
176 112 23;
177 3 53;
177 77 87;
177 683 7;
177 471 16;
177 197 13;
178 125 14;
178 442 79;
178 748 84;
178 800 61;
178 937 46;
179 84 59;
179 649 16;
179 876 86;
179 387 9;
179 996 2;
180 69 79;
180 908 90;
180 660 37;
180 549 92;
180 645 80;
181 68 16;
181 344 17;
181 704 1;
181 863 56;
181 649 36;
182 127 61;
182 223 81;
182 234 4;
182 778 17;
182 230 92;
183 147 27;
183 577 98;
183 749 64;
183 583 63;
183 335 92;
184 162 22;
184 777 45;
184 842 95;
184 13 61;
184 164 58;
185 172 31;
185 25 18;
185 948 86;
185 638 84;
185 517 32;
186 17 18;
186 665 59;
186 273 95;
186 40 4;
186 121 55;
187 33 27;
187 836 97;
187 637 94;
187 113 38;
187 835 60;
188 102 17;
188 117 89;
188 820 25;
188 100 63;
188 867 53;
189 51 60;
189 384 74;
189 1 13;
189 287 23;
189 127 81;
190 137 70;
190 45 19;
190 844 21;
190 624 30;
190 695 81;
191 113 93;
191 995 25;
191 985 80;
191 38 91;
191 310 59;
192 96 31;
192 868 65;
192 706 14;
192 299 27;
192 79 94;
193 134 53;
193 918 56;
193 547 34;
193 399 80;
193 205 2;
194 106 27;
194 667 3;
194 512 22;
194 629 41;
194 362 88;
195 90 19;
195 230 27;
195 395 22;
195 63 19;
195 5 12;
196 54 67;
196 266 19;
196 867 83;
196 44 29;
196 482 89;
197 105 62;
197 892 95;
197 956 97;
197 49 57;
197 675 24;
198 165 95;
198 293 25;
198 460 80;
198 219 69;
198 789 32;
199 17 71;
199 868 93;
199 288 78;
199 631 56;
199 428 33;
200 35 17;
200 90 30;
200 28 82;
200 185 33;
200 914 57;
201 30 51;
201 710 100;
201 801 89;
201 17 56;
201 718 87;
202 106 88;
202 485 99;
202 778 70;
202 341 79;
202 907 79;
203 104 27;
203 238 69;
203 743 43;
203 554 40;
203 193 27;
204 8 73;
204 253 81;
204 573 25;
204 432 97;
204 866 63;
205 174 80;
205 694 32;
205 817 98;
205 500 54;
205 55 28;
206 56 68;
206 954 40;
206 367 29;
206 143 14;
206 692 76;
207 30 64;
207 730 78;
207 531 62;
207 644 78;
207 538 88;
208 97 65;
208 593 5;
208 125 27;
208 118 66;
208 859 47;
209 107 20;
209 642 16;
209 152 15;
209 985 58;
209 499 26;
210 69 69;
210 872 63;
210 412 37;
210 212 76;
210 213 80;
211 1 67;
211 423 32;
211 638 99;
211 496 70;
211 301 100;
212 171 69;
212 873 58;
212 675 69;
212 145 64;
212 317 33;
213 53 70;
213 586 41;
213 921 6;
213 272 11;
213 211 6;
214 5 29;
214 331 4;
214 444 66;
214 11 21;
214 798 85;
215 74 85;
215 856 67;
215 98 18;
215 987 47;
215 313 16;
216 107 72;
216 182 1;
216 170 46;
216 477 11;
216 660 84;
217 25 65;
217 885 51;
217 178 65;
217 451 96;
217 873 90;
218 77 2;
218 328 77;
218 653 69;
218 855 13;
218 507 84;
219 163 34;
219 794 78;
219 659 77;
219 133 43;
219 1 91;
220 45 26;
220 324 54;
220 111 78;
220 285 92;
220 760 11;
221 194 80;
221 248 91;
221 826 61;
221 9 40;
221 561 87;
222 214 80;
222 801 77;
222 718 54;
222 530 27;
222 229 88;
223 153 45;
223 428 6;
223 692 5;
223 835 33;
223 243 21;
224 126 96;
224 384 55;
224 162 23;
224 390 74;
224 84 22;
225 128 70;
225 892 70;
225 632 71;
225 828 44;
225 870 7;
226 53 5;
226 676 12;
226 498 60;
226 627 73;
226 450 49;
227 58 71;
227 573 78;
227 600 75;
227 182 22;
227 647 97;
228 179 74;
228 146 58;
228 400 42;
228 487 66;
228 367 74;
229 108 78;
229 896 65;
229 760 19;
229 448 40;
229 33 73;
230 80 40;
230 738 57;
230 645 86;
230 522 29;
230 446 16;
231 95 7;
231 796 2;
231 237 59;
231 642 26;
231 491 5;
232 135 88;
232 852 22;
232 719 18;
232 943 76;
232 394 69;
233 65 70;
233 594 70;
233 87 13;
233 900 38;
233 53 67;
234 86 13;
234 100 23;
234 911 52;
234 139 88;
234 897 33;
235 152 15;
235 764 100;
235 121 44;
235 246 40;
235 693 23;
236 64 76;
236 403 87;
236 353 4;
236 864 65;
236 832 85;
237 111 7;
237 281 83;
237 329 18;
237 612 69;
237 75 89;
238 67 70;
238 916 16;
238 618 58;
238 176 10;
238 393 79;
239 191 30;
239 560 54;
239 244 38;
239 251 34;
239 315 50;
240 100 11;
240 662 40;
240 298 68;
240 475 51;
240 815 46;
241 130 70;
241 63 95;
241 884 52;
241 450 59;
241 457 41;
242 156 92;
242 271 70;
242 914 43;
242 577 96;
242 422 12;
243 204 46;
243 562 94;
243 896 66;
243 457 75;
243 697 3;
244 230 86;
244 559 14;
244 33 42;
244 319 42;
244 353 75;
245 191 48;
245 635 52;
245 615 57;
245 160 65;
245 33 11;
246 222 45;
246 966 100;
246 776 1;
246 752 87;
246 153 44;
247 210 19;
247 767 62;
247 934 63;
247 705 93;
247 384 44;
248 97 98;
248 869 45;
248 184 53;
248 228 69;
248 507 9;
249 246 60;
249 349 99;
249 576 16;
249 285 43;
249 551 96;
250 102 52;
250 290 94;
250 746 37;
250 12 54;
250 98 77;
251 92 72;
251 279 5;
251 638 93;
251 534 87;
251 345 94;
252 213 6;
252 108 74;
252 69 9;
252 8 27;
252 441 6;
253 126 43;
253 189 26;
253 733 58;
253 113 36;
253 810 91;
254 118 17;
254 866 3;
254 729 44;
254 730 84;
254 365 33;
255 77 83;
255 539 51;
255 749 80;
255 755 15;
255 41 81;
256 199 61;
256 30 10;
256 462 78;
256 430 57;
256 813 19;
257 220 41;
257 241 11;
257 599 5;
257 2 5;
257 419 56;
258 237 40;
258 499 92;
258 444 20;
258 132 70;
258 620 11;
259 140 89;
259 378 4;
259 784 14;
259 96 38;
259 833 27;
260 185 53;
260 140 1;
260 819 96;
260 835 76;
260 437 74;
261 155 54;
261 361 91;
261 74 96;
261 7 51;
261 820 93;
262 10 6;
262 143 10;
262 731 55;
262 531 61;
262 946 20;
263 213 73;
263 353 97;
263 947 78;
263 471 78;
263 195 91;
264 245 37;
264 1 64;
264 454 77;
264 574 95;
264 844 14;
265 25 12;
265 389 22;
265 726 34;
265 862 10;
265 423 45;
266 120 27;
266 960 58;
266 767 68;
266 633 4;
266 104 16;
267 50 28;
267 120 40;
267 345 37;
267 692 34;
267 741 1;
268 182 85;
268 888 40;
268 751 85;
268 566 64;
268 166 61;
269 70 8;
269 859 100;
269 558 17;
269 222 21;
269 718 1;
270 49 63;
270 268 6;
270 375 26;
270 17 91;
270 972 38;
271 266 45;
271 842 36;
271 889 30;
271 988 7;
271 131 98;
272 129 45;
272 577 5;
272 715 87;
272 748 37;
272 788 42;
273 140 58;
273 825 15;
273 699 41;
273 439 79;
273 67 50;
274 134 37;
274 848 29;
274 910 26;
274 296 80;
274 74 49;
275 89 86;
275 771 33;
275 904 61;
275 968 47;
275 315 80;
276 43 1;
276 37 83;
276 371 63;
276 847 59;
276 762 35;
277 215 88;
277 351 49;
277 324 87;
277 349 5;
277 594 10;
278 66 71;
278 680 85;
278 807 33;
278 177 6;
278 724 100;
279 256 41;
279 180 5;
279 581 1;
279 247 48;
279 45 72;
280 272 82;
280 73 4;
280 587 84;
280 915 53;
280 410 77;
281 74 58;
281 659 95;
281 7 33;
281 840 40;
281 984 67;
282 243 6;
282 155 56;
282 863 13;
282 804 76;
282 258 87;
283 237 55;
283 334 28;
283 464 30;
283 143 97;
283 569 43;
284 204 57;
284 549 86;
284 650 5;
284 602 26;
284 663 28;
285 193 52;
285 466 11;
285 609 17;
285 566 94;
285 256 71;
286 25 59;
286 29 72;
286 587 51;
286 862 68;
286 543 22;
287 166 54;
287 692 70;
287 380 93;
287 89 71;
287 569 52;
288 178 54;
288 758 79;
288 466 47;
288 309 23;
288 437 73;
289 71 68;
289 284 10;
289 536 90;
289 344 94;
289 557 74;
290 107 7;
290 616 27;
290 179 35;
290 358 12;
290 507 84;
291 289 29;
291 606 46;
291 656 16;
291 958 83;
291 15 87;
292 257 74;
292 957 91;
292 266 68;
292 215 22;
292 305 36;
293 212 58;
293 23 47;
293 150 28;
293 739 19;
293 269 11;
294 234 94;
294 260 14;
294 987 85;
294 164 12;
294 224 61;
295 27 92;
295 464 34;
295 776 84;
295 75 94;
295 98 24;
296 106 42;
296 62 23;
296 906 59;
296 821 19;
296 371 79;
297 238 5;
297 293 48;
297 234 84;
297 459 1;
297 354 74;
298 244 19;
298 495 6;
298 310 37;
298 242 75;
298 138 33;
299 91 43;
299 467 59;
299 294 69;
299 797 72;
299 81 49;
300 12 23;
300 454 23;
300 174 12;
300 303 21;
300 542 11;
301 71 88;
301 498 66;
301 344 99;
301 878 21;
301 793 52;
302 239 71;
302 359 65;
302 989 51;
302 672 47;
302 82 32;
303 290 57;
303 332 44;
303 118 67;
303 385 73;
303 901 18;
304 49 83;
304 123 75;
304 644 93;
304 163 45;
304 787 6;
305 17 26;
305 318 70;
305 581 34;
305 223 74;
305 204 9;
306 30 87;
306 326 42;
306 661 48;
306 942 37;
306 813 99;
307 248 91;
307 342 5;
307 329 11;
307 437 30;
307 75 100;
308 217 99;
308 13 5;
308 258 67;
308 805 25;
308 270 83;
309 272 67;
309 672 39;
309 10 68;
309 85 31;
309 46 26;
310 106 82;
310 938 46;
310 539 45;
310 731 89;
310 721 52;
311 10 46;
311 69 73;
311 526 64;
311 797 20;
311 742 4;
312 307 100;
312 398 64;
312 69 76;
312 282 17;
312 908 33;
313 2 3;
313 729 83;
313 390 89;
313 351 5;
313 284 73;
314 39 100;
314 325 26;
314 242 24;
314 311 77;
314 327 77;
315 174 60;
315 323 32;
315 513 59;
315 490 74;
315 949 56;
316 301 90;
316 490 89;
316 241 5;
316 146 36;
316 136 63;
317 17 8;
317 962 58;
317 88 48;
317 177 64;
317 967 83;
318 185 74;
318 430 39;
318 290 31;
318 502 10;
318 789 49;
319 260 33;
319 361 45;
319 162 84;
319 322 38;
319 463 22;
320 239 48;
320 358 68;
320 533 28;
320 64 69;
320 508 53;
321 288 89;
321 836 21;
321 492 82;
321 851 19;
321 827 96;
322 291 12;
322 456 98;
322 643 87;
322 477 54;
322 534 16;
323 288 67;
323 48 44;
323 430 44;
323 386 32;
323 403 56;
324 111 31;
324 941 77;
324 28 58;
324 667 71;
324 119 80;
325 28 54;
325 515 19;
325 109 12;
325 495 27;
325 824 49;
326 72 69;
326 920 90;
326 502 90;
326 559 60;
326 695 18;
327 264 7;
327 99 83;
327 843 78;
327 108 35;
327 109 11;
328 283 88;
328 866 42;
328 553 6;
328 25 59;
328 332 40;
329 47 75;
329 794 4;
329 680 47;
329 241 43;
329 866 84;
330 216 87;
330 570 61;
330 339 21;
330 723 79;
330 906 13;
331 40 58;
331 494 42;
331 475 83;
331 277 51;
331 776 1;
332 271 20;
332 549 34;
332 339 25;
332 133 63;
332 129 23;
333 256 38;
333 753 72;
333 700 12;
333 435 80;
333 802 66;
334 30 48;
334 357 58;
334 752 8;
334 885 70;
334 611 40;
335 78 51;
335 243 21;
335 329 80;
335 37 39;
335 602 72;
336 185 63;
336 978 88;
336 972 63;
336 867 82;
336 831 57;
337 166 29;
337 159 21;
337 560 87;
337 371 97;
337 299 56;
338 11 96;
338 556 19;
338 827 52;
338 335 15;
338 211 95;
339 170 21;
339 301 7;
339 646 4;
339 486 52;
339 577 2;
340 76 55;
340 364 76;
340 899 59;
340 638 64;
340 331 46;
341 231 17;
341 738 43;
341 352 71;
341 479 32;
341 49 95;
342 69 67;
342 297 89;
342 585 35;
342 39 78;
342 218 40;
343 23 51;
343 579 68;
343 792 23;
343 849 35;
343 239 34;
344 342 56;
344 588 40;
344 99 5;
344 959 99;
344 437 68;
345 39 68;
345 435 37;
345 567 73;
345 243 88;
345 529 63;
346 163 49;
346 425 44;
346 816 75;
346 37 19;
346 569 72;
347 36 28;
347 970 9;
347 726 96;
347 339 22;
347 710 77;
348 321 55;
348 552 58;
348 801 15;
348 869 27;
348 838 9;
349 157 87;
349 344 50;
349 89 26;
349 952 13;
349 845 48;
350 89 80;
350 288 1;
350 125 16;
350 992 1;
350 566 83;
351 89 42;
351 290 26;
351 776 54;
351 861 12;
351 38 10;
352 223 50;
352 895 88;
352 473 57;
352 759 24;
352 316 83;
353 145 2;
353 807 44;
353 103 47;
353 416 30;
353 667 13;
354 258 46;
354 119 35;
354 614 66;
354 804 74;
354 381 75;
355 269 4;
355 334 57;
355 69 78;
355 783 1;
355 18 52;
356 127 89;
356 915 74;
356 344 26;
356 299 99;
356 884 41;
357 251 60;
357 80 44;
357 744 20;
357 610 25;
357 358 50;
358 47 59;
358 828 17;
358 510 4;
358 791 52;
358 216 62;
359 26 45;
359 429 77;
359 797 16;
359 111 31;
359 508 96;
360 260 74;
360 404 76;
360 188 75;
360 47 73;
360 393 63;
361 103 25;
361 974 68;
361 910 43;
361 951 13;
361 936 80;
362 139 17;
362 357 54;
362 336 14;
362 567 67;
362 518 94;
363 100 96;
363 87 70;
363 332 93;
363 162 63;
363 927 13;
364 141 49;
364 220 47;
364 556 34;
364 994 6;
364 20 7;
365 166 13;
365 403 81;
365 260 44;
365 947 68;
365 468 31;
366 205 44;
366 998 43;
366 502 65;
366 240 4;
366 167 10;
367 177 60;
367 959 7;
367 322 60;
367 464 59;
367 756 58;
368 12 80;
368 178 66;
368 942 38;
368 549 52;
368 529 94;
369 12 45;
369 266 47;
369 642 27;
369 188 38;
369 252 57;
370 39 97;
370 927 4;
370 782 62;
370 63 24;
370 584 49;
371 368 18;
371 224 2;
371 754 43;
371 192 39;
371 787 57;
372 32 31;
372 742 23;
372 845 81;
372 243 8;
372 995 41;
373 80 69;
373 298 34;
373 246 16;
373 456 35;
373 833 6;
374 20 41;
374 549 3;
374 521 16;
374 550 87;
374 326 15;
375 261 82;
375 592 38;
375 990 16;
375 745 77;
375 861 72;
376 118 64;
376 540 13;
376 80 87;
376 741 49;
376 389 70;
377 165 27;
377 546 76;
377 34 53;
377 340 96;
377 259 43;
378 239 37;
378 767 3;
378 747 78;
378 946 14;
378 765 25;
379 275 50;
379 912 45;
379 37 19;
379 823 36;
379 853 69;
380 371 31;
380 330 7;
380 601 23;
380 613 64;
380 738 14;
381 309 97;
381 335 65;
381 639 14;
381 710 18;
381 628 86;
382 271 83;
382 629 60;
382 601 29;
382 365 18;
382 372 96;
383 63 61;
383 875 46;
383 938 92;
383 595 88;
383 935 6;
384 45 49;
384 93 81;
384 714 24;
384 479 25;
384 911 8;
385 223 17;
385 606 40;
385 631 80;
385 474 11;
385 529 1;
386 292 91;
386 86 64;
386 836 99;
386 576 42;
386 801 100;
387 381 79;
387 710 55;
387 596 20;
387 973 51;
387 101 49;
388 71 78;
388 538 20;
388 806 27;
388 632 81;
388 26 49;
389 225 98;
389 232 22;
389 653 71;
389 222 68;
389 935 61;
390 278 6;
390 721 16;
390 563 86;
390 848 50;
390 191 29;
391 232 79;
391 512 19;
391 554 48;
391 180 21;
391 448 44;
392 100 89;
392 546 12;
392 248 43;
392 744 50;
392 558 8;
393 234 34;
393 5 41;
393 686 48;
393 857 61;
393 953 11;
394 164 85;
394 227 67;
394 279 98;
394 612 66;
394 568 89;
395 117 52;
395 561 29;
395 820 71;
395 194 100;
395 893 78;
396 345 5;
396 108 36;
396 506 63;
396 498 99;
396 161 54;
397 375 97;
397 494 13;
397 431 99;
397 615 47;
397 501 100;
398 225 78;
398 898 11;
398 530 56;
398 570 14;
398 744 87;
399 263 30;
399 727 96;
399 4 8;
399 535 85;
399 772 12;
400 26 68;
400 351 82;
400 161 41;
400 484 51;
400 527 55;
401 390 71;
401 53 80;
401 179 10;
401 399 1;
401 945 71;
402 112 56;
402 638 86;
402 320 41;
402 432 3;
402 892 25;
403 41 68;
403 427 3;
403 773 82;
403 96 65;
403 260 50;
404 239 17;
404 588 54;
404 476 51;
404 359 67;
404 834 52;
405 71 13;
405 712 83;
405 861 76;
405 414 4;
405 137 98;
406 62 42;
406 784 46;
406 936 17;
406 223 32;
406 683 36;
407 82 12;
407 63 17;
407 432 57;
407 600 54;
407 485 52;
408 96 56;
408 760 4;
408 127 24;
408 129 74;
408 267 92;
409 216 88;
409 235 65;
409 382 42;
409 811 87;
409 240 65;
410 16 6;
410 201 35;
410 772 36;
410 593 58;
410 258 77;
411 360 57;
411 90 62;
411 986 68;
411 277 32;
411 535 76;
412 54 68;
412 529 65;
412 365 69;
412 238 12;
412 318 77;
413 391 53;
413 109 22;
413 563 88;
413 960 82;
413 518 22;
414 10 75;
414 608 88;
414 902 46;
414 792 89;
414 594 47;
415 37 21;
415 652 78;
415 336 19;
415 884 36;
415 978 8;
416 222 95;
416 411 37;
416 288 4;
416 696 45;
416 161 96;
417 2 16;
417 350 56;
417 425 82;
417 909 86;
417 312 84;
418 270 35;
418 360 93;
418 6 23;
418 983 83;
418 590 80;
419 253 52;
419 370 71;
419 180 12;
419 392 8;
419 527 55;
420 227 70;
420 657 58;
420 425 94;
420 600 45;
420 384 39;
421 288 63;
421 851 67;
421 151 98;
421 495 82;
421 233 3;
422 179 10;
422 638 23;
422 161 49;
422 905 15;
422 1 46;
423 146 33;
423 974 37;
423 14 19;
423 740 22;
423 72 94;
424 176 51;
424 346 97;
424 527 82;
424 491 92;
424 220 94;
425 21 17;
425 724 9;
425 307 47;
425 281 72;
425 373 1;
426 221 44;
426 348 100;
426 932 11;
426 21 27;
426 750 49;
427 231 66;
427 147 9;
427 710 43;
427 382 9;
427 151 41;
428 339 62;
428 329 78;
428 912 50;
428 521 64;
428 755 58;
429 61 25;
429 664 56;
429 444 16;
429 288 15;
429 265 2;
430 332 100;
430 945 97;
430 984 29;
430 162 15;
430 20 29;
431 53 88;
431 624 46;
431 601 80;
431 298 56;
431 528 76;
432 24 22;
432 676 34;
432 192 100;
432 990 25;
432 8 57;
433 20 16;
433 96 62;
433 157 72;
433 199 50;
433 966 16;
434 168 72;
434 65 80;
434 222 95;
434 509 7;
434 556 1;
435 170 43;
435 5 2;
435 499 31;
435 877 55;
435 266 89;
436 21 95;
436 951 37;
436 241 50;
436 422 77;
436 996 46;
437 302 61;
437 664 80;
437 915 99;
437 891 17;
437 417 32;
438 299 60;
438 89 32;
438 378 3;
438 399 14;
438 59 72;
439 304 6;
439 945 72;
439 657 82;
439 738 70;
439 41 94;
440 23 22;
440 935 73;
440 138 3;
440 486 96;
440 192 11;
441 281 56;
441 228 17;
441 896 62;
441 477 100;
441 64 74;
442 384 12;
442 919 22;
442 916 44;
442 856 42;
442 482 57;
443 322 66;
443 966 81;
443 428 48;
443 377 3;
443 610 81;
444 315 69;
444 945 26;
444 829 5;
444 531 30;
444 387 76;
445 36 41;
445 209 27;
445 900 29;
445 762 60;
445 4 63;
446 280 3;
446 622 3;
446 413 18;
446 102 29;
446 828 17;
447 136 89;
447 388 4;
447 734 87;
447 715 5;
447 927 77;
448 14 87;
448 245 22;
448 817 67;
448 844 20;
448 553 49;
449 311 49;
449 660 81;
449 30 70;
449 434 83;
449 53 19;
450 9 26;
450 926 39;
450 422 1;
450 662 94;
450 619 47;
451 48 14;
451 594 19;
451 958 86;
451 547 23;
451 381 28;
452 307 98;
452 660 96;
452 356 42;
452 216 44;
452 444 85;
453 273 75;
453 335 85;
453 78 52;
453 697 6;
453 373 36;
454 156 60;
454 679 57;
454 167 47;
454 755 10;
454 112 68;
455 292 1;
455 849 13;
455 447 60;
455 111 74;
455 932 82;
456 228 34;
456 468 80;
456 102 2;
456 855 43;
456 918 82;
457 185 39;
457 62 1;
457 64 95;
457 443 5;
457 281 2;
458 150 80;
458 181 89;
458 971 72;
458 53 87;
458 810 24;
459 385 30;
459 583 30;
459 388 30;
459 997 92;
459 826 85;
460 349 81;
460 836 12;
460 631 26;
460 61 86;
460 165 74;
461 36 9;
461 814 8;
461 282 69;
461 259 73;
461 313 18;
462 262 75;
462 127 39;
462 170 42;
462 89 7;
462 791 29;
463 128 60;
463 203 15;
463 975 70;
463 249 61;
463 216 6;
464 278 72;
464 327 50;
464 823 61;
464 535 24;
464 623 33;
465 139 89;
465 143 88;
465 135 29;
465 397 58;
465 193 84;
466 39 55;
466 116 4;
466 109 76;
466 94 98;
466 864 54;
467 98 38;
467 215 38;
467 928 91;
467 396 95;
467 779 72;
468 27 30;
468 879 55;
468 844 53;
468 670 14;
468 394 58;
469 234 63;
469 862 27;
469 118 35;
469 642 23;
469 27 57;
470 358 85;
470 498 59;
470 614 60;
470 60 11;
470 417 95;
471 284 23;
471 283 91;
471 594 85;
471 405 44;
471 532 25;
472 169 87;
472 839 7;
472 476 27;
472 876 82;
472 532 61;
473 119 8;
473 298 51;
473 220 91;
473 847 69;
473 101 77;
474 1 63;
474 339 59;
474 991 22;
474 781 77;
474 283 99;
475 50 68;
475 627 61;
475 310 90;
475 226 7;
475 557 17;
476 190 87;
476 145 22;
476 890 68;
476 870 10;
476 956 85;
477 379 97;
477 736 91;
477 128 90;
477 906 56;
477 528 58;
478 407 12;
478 846 28;
478 530 10;
478 736 71;
478 791 31;
479 93 62;
479 349 61;
479 854 4;
479 607 6;
479 528 84;
480 242 97;
480 596 54;
480 666 43;
480 57 70;
480 73 32;
481 255 100;
481 76 10;
481 798 31;
481 896 82;
481 475 37;
482 90 79;
482 646 87;
482 883 61;
482 451 91;
482 643 14;
483 349 40;
483 248 7;
483 379 12;
483 226 94;
483 700 41;
484 321 55;
484 636 43;
484 419 58;
484 91 47;
484 770 17;
485 482 50;
485 734 62;
485 438 49;
485 382 16;
485 521 19;
486 64 85;
486 364 36;
486 403 63;
486 924 32;
486 965 100;
487 166 25;
487 324 77;
487 357 40;
487 386 32;
487 454 78;
488 451 72;
488 108 40;
488 705 97;
488 380 71;
488 454 81;
489 278 87;
489 803 19;
489 581 15;
489 818 14;
489 474 50;
490 334 73;
490 908 82;
490 421 48;
490 720 55;
490 310 62;
491 169 5;
491 28 59;
491 967 14;
491 45 97;
491 358 81;
492 250 16;
492 730 52;
492 441 83;
492 175 90;
492 876 77;
493 142 61;
493 886 99;
493 446 98;
493 492 14;
493 386 63;
494 6 57;
494 262 61;
494 530 84;
494 452 9;
494 261 58;
495 474 76;
495 951 57;
495 897 78;
495 789 32;
495 479 31;
496 112 83;
496 49 41;
496 432 86;
496 345 9;
496 204 42;
497 71 61;
497 966 12;
497 186 70;
497 522 49;
497 265 23;
498 173 61;
498 40 84;
498 933 72;
498 235 68;
498 313 38;
499 197 48;
499 333 84;
499 24 22;
499 471 76;
499 473 81;
500 22 37;
500 421 56;
500 956 51;
500 419 56;
500 853 45;
501 494 97;
501 449 32;
501 35 67;
501 430 45;
501 390 44;
502 238 95;
502 595 80;
502 327 67;
502 318 67;
502 493 2;
503 76 97;
503 767 31;
503 349 65;
503 835 44;
503 280 71;
504 291 46;
504 400 70;
504 75 94;
504 922 16;
504 264 87;
505 442 85;
505 743 90;
505 256 20;
505 254 4;
505 25 43;
506 193 43;
506 941 27;
506 987 30;
506 946 90;
506 88 84;
507 104 55;
507 297 21;
507 280 86;
507 967 37;
507 359 94;
508 236 65;
508 480 1;
508 469 37;
508 717 23;
508 251 4;
509 419 13;
509 222 97;
509 784 68;
509 243 92;
509 76 59;
510 176 76;
510 922 48;
510 50 77;
510 218 93;
510 456 76;
511 135 6;
511 745 46;
511 895 20;
511 418 31;
511 996 91;
512 334 72;
512 768 42;
512 624 31;
512 746 71;
512 997 97;
513 161 42;
513 670 62;
513 594 12;
513 445 89;
513 533 1;
514 311 26;
514 930 47;
514 85 48;
514 799 98;
514 767 65;
515 439 93;
515 178 63;
515 152 22;
515 492 71;
515 266 73;
516 377 44;
516 148 5;
516 856 71;
516 701 87;
516 706 58;
517 443 41;
517 168 36;
517 630 48;
517 623 55;
517 541 81;
518 482 32;
518 342 57;
518 926 45;
518 375 56;
518 506 62;
519 214 94;
519 378 4;
519 189 86;
519 995 14;
519 981 5;
520 182 65;
520 937 10;
520 953 89;
520 408 40;
520 733 9;
521 236 45;
521 48 91;
521 184 83;
521 876 5;
521 290 78;
522 226 21;
522 485 12;
522 752 59;
522 846 14;
522 331 47;
523 399 5;
523 192 44;
523 383 90;
523 912 11;
523 460 79;
524 52 20;
524 558 82;
524 365 83;
524 424 30;
524 257 14;
525 240 39;
525 174 42;
525 623 96;
525 885 32;
525 775 53;
526 293 70;
526 156 39;
526 404 52;
526 314 59;
526 685 95;
527 281 30;
527 80 82;
527 398 11;
527 355 100;
527 82 58;
528 333 10;
528 800 99;
528 579 50;
528 43 85;
528 804 47;
529 438 29;
529 948 15;
529 568 34;
529 712 16;
529 791 14;
530 53 34;
530 362 1;
530 516 78;
530 241 91;
530 98 14;
531 180 20;
531 611 38;
531 715 50;
531 879 54;
531 519 63;
532 87 71;
532 759 72;
532 764 99;
532 32 89;
532 718 25;
533 68 56;
533 280 90;
533 753 99;
533 114 31;
533 457 51;
534 278 23;
534 289 1;
534 163 26;
534 52 5;
534 941 10;
535 374 80;
535 389 37;
535 888 88;
535 688 53;
535 149 11;
536 41 45;
536 399 82;
536 849 18;
536 276 90;
536 122 20;
537 57 98;
537 461 36;
537 157 29;
537 267 21;
537 977 12;
538 247 20;
538 234 67;
538 473 54;
538 348 91;
538 118 21;
539 520 48;
539 367 71;
539 22 93;
539 911 64;
539 248 41;
540 56 74;
540 901 16;
540 854 70;
540 142 52;
540 530 92;
541 508 98;
541 186 97;
541 918 41;
541 749 44;
541 850 16;
542 346 3;
542 320 31;
542 728 6;
542 127 25;
542 786 92;
543 69 10;
543 771 30;
543 872 88;
543 575 35;
543 639 82;
544 359 9;
544 432 63;
544 984 54;
544 686 50;
544 828 19;
545 354 43;
545 746 63;
545 186 90;
545 857 97;
545 468 94;
546 199 58;
546 404 54;
546 158 24;
546 35 45;
546 964 63;
547 63 82;
547 755 76;
547 356 100;
547 615 58;
547 719 63;
548 507 87;
548 348 24;
548 453 53;
548 228 33;
548 691 66;
549 344 46;
549 943 54;
549 995 34;
549 38 83;
549 956 67;
550 74 8;
550 422 62;
550 245 74;
550 346 59;
550 944 70;
551 277 43;
551 534 41;
551 449 96;
551 837 29;
551 396 38;
552 519 46;
552 466 58;
552 841 77;
552 844 78;
552 5 16;
553 228 57;
553 411 94;
553 964 64;
553 343 17;
553 903 49;
554 36 80;
554 653 61;
554 772 9;
554 973 45;
554 351 94;
555 387 53;
555 871 37;
555 916 17;
555 323 15;
555 233 34;
556 60 74;
556 566 89;
556 901 6;
556 110 41;
556 861 99;
557 204 67;
557 487 87;
557 186 61;
557 13 72;
557 312 26;
558 171 16;
558 980 76;
558 174 88;
558 603 19;
558 166 83;
559 60 6;
559 57 62;
559 962 32;
559 878 45;
559 715 28;
560 421 74;
560 509 17;
560 679 24;
560 361 40;
560 392 14;
561 353 25;
561 318 13;
561 127 4;
561 419 70;
561 287 79;
562 78 47;
562 482 32;
562 734 48;
562 954 60;
562 185 7;
563 104 38;
563 925 76;
563 742 8;
563 645 62;
563 914 87;
564 428 75;
564 531 88;
564 354 19;
564 921 3;
564 325 80;
565 61 77;
565 956 80;
565 144 13;
565 875 87;
565 380 22;
566 13 48;
566 134 10;
566 477 71;
566 365 26;
566 504 4;
567 426 63;
567 840 46;
567 398 45;
567 878 97;
567 387 76;
568 241 97;
568 177 77;
568 182 52;
568 124 42;
568 319 85;
569 136 97;
569 932 76;
569 470 59;
569 250 72;
569 865 92;
570 477 53;
570 273 39;
570 755 33;
570 56 64;
570 261 61;
571 543 82;
571 417 64;
571 195 32;
571 350 3;
571 703 20;
572 288 94;
572 216 23;
572 837 78;
572 450 83;
572 754 22;
573 399 2;
573 726 41;
573 464 2;
573 671 35;
573 636 95;
574 446 62;
574 763 13;
574 466 16;
574 131 64;
574 154 95;
575 378 58;
575 132 8;
575 324 50;
575 742 16;
575 677 9;
576 459 88;
576 113 14;
576 185 12;
576 732 94;
576 351 53;
577 137 39;
577 937 42;
577 345 8;
577 646 43;
577 355 95;
578 412 78;
578 293 86;
578 415 37;
578 969 85;
578 206 43;
579 511 32;
579 939 67;
579 916 10;
579 784 20;
579 831 9;
580 100 25;
580 757 82;
580 526 17;
580 581 16;
580 589 80;
581 130 87;
581 765 14;
581 198 4;
581 341 71;
581 45 24;
582 549 39;
582 215 42;
582 146 67;
582 379 54;
582 630 6;
583 209 75;
583 401 85;
583 357 25;
583 119 56;
583 794 32;
584 275 42;
584 246 76;
584 339 41;
584 658 7;
584 357 65;
585 207 73;
585 577 82;
585 821 34;
585 478 31;
585 822 84;
586 50 65;
586 844 10;
586 423 25;
586 440 100;
586 216 64;
587 168 43;
587 147 35;
587 80 21;
587 173 9;
587 556 12;
588 420 55;
588 216 71;
588 436 72;
588 957 45;
588 378 41;
589 252 4;
589 255 1;
589 884 42;
589 296 63;
589 162 40;
590 204 99;
590 525 26;
590 164 47;
590 215 59;
590 493 55;
591 313 99;
591 401 56;
591 3 75;
591 890 81;
591 650 1;
592 301 3;
592 587 50;
592 618 87;
592 510 58;
592 198 86;
593 535 16;
593 152 84;
593 906 42;
593 942 4;
593 455 17;
594 241 7;
594 228 22;
594 200 99;
594 359 88;
594 730 22;
595 292 42;
595 530 74;
595 144 78;
595 953 47;
595 279 60;
596 300 32;
596 268 22;
596 5 14;
596 798 77;
596 432 88;
597 169 35;
597 696 42;
597 467 65;
597 128 13;
597 516 7;
598 50 15;
598 240 21;
598 783 75;
598 974 43;
598 629 74;
599 301 59;
599 924 28;
599 199 11;
599 935 4;
599 890 4;
600 324 98;
600 758 70;
600 642 92;
600 698 100;
600 86 59;
601 15 42;
601 760 73;
601 887 82;
601 842 87;
601 753 21;
602 582 98;
602 532 89;
602 587 78;
602 609 74;
602 114 89;
603 290 20;
603 912 12;
603 219 22;
603 321 20;
603 580 26;
604 424 67;
604 827 77;
604 182 32;
604 918 96;
604 52 16;
605 575 37;
605 415 11;
605 741 33;
605 672 10;
605 994 51;
606 531 15;
606 4 68;
606 732 55;
606 744 24;
606 807 4;
607 375 2;
607 269 61;
607 586 98;
607 738 24;
607 674 17;
608 394 35;
608 978 84;
608 657 97;
608 204 28;
608 879 34;
609 605 23;
609 388 81;
609 419 8;
609 365 70;
609 751 86;
610 322 80;
610 5 83;
610 716 38;
610 230 7;
610 782 49;
611 568 9;
611 980 33;
611 775 17;
611 926 66;
611 321 10;
612 69 29;
612 279 48;
612 880 29;
612 749 33;
612 665 77;
613 222 74;
613 896 1;
613 48 40;
613 273 31;
613 772 42;
614 238 54;
614 816 59;
614 407 42;
614 30 28;
614 311 93;
615 186 23;
615 784 35;
615 288 25;
615 89 70;
615 141 42;
616 361 89;
616 752 28;
616 660 28;
616 659 77;
616 247 52;
617 126 7;
617 409 38;
617 847 38;
617 588 35;
617 57 47;
618 528 99;
618 453 38;
618 208 58;
618 496 4;
618 992 41;
619 161 29;
619 491 98;
619 554 64;
619 70 9;
619 284 86;
620 389 18;
620 661 53;
620 685 51;
620 49 40;
620 363 29;
621 277 54;
621 62 26;
621 187 74;
621 142 84;
621 255 42;
622 292 6;
622 202 25;
622 898 69;
622 76 91;
622 857 7;
623 495 18;
623 748 76;
623 501 57;
623 800 28;
623 957 1;
624 111 48;
624 529 43;
624 143 26;
624 677 12;
624 565 86;
625 497 31;
625 990 49;
625 18 71;
625 97 21;
625 879 58;
626 141 23;
626 771 29;
626 739 51;
626 162 33;
626 400 44;
627 38 7;
627 412 86;
627 869 34;
627 99 12;
627 12 73;
628 168 54;
628 100 29;
628 594 2;
628 431 62;
628 409 27;
629 378 25;
629 1000 62;
629 73 88;
629 481 23;
629 43 38;
630 45 29;
630 683 48;
630 147 91;
630 247 24;
630 387 97;
631 505 21;
631 359 97;
631 688 93;
631 529 59;
631 91 94;
632 280 70;
632 701 76;
632 299 31;
632 215 83;
632 367 89;
633 514 5;
633 309 60;
633 712 43;
633 47 43;
633 813 49;
634 514 6;
634 391 38;
634 448 15;
634 224 48;
634 553 11;
635 300 31;
635 516 13;
635 688 37;
635 502 72;
635 641 46;
636 429 94;
636 304 51;
636 188 11;
636 701 37;
636 971 96;
637 90 58;
637 736 94;
637 917 21;
637 122 75;
637 516 88;
638 443 94;
638 37 44;
638 655 15;
638 494 14;
638 606 23;
639 442 11;
639 375 5;
639 771 81;
639 255 17;
639 641 79;
640 161 88;
640 892 17;
640 804 1;
640 830 30;
640 517 40;
641 413 45;
641 562 58;
641 452 66;
641 512 36;
641 5 42;
642 418 4;
642 672 100;
642 955 83;
642 147 15;
642 347 91;
643 136 34;
643 739 17;
643 758 97;
643 420 2;
643 396 4;
644 7 47;
644 179 18;
644 829 31;
644 430 75;
644 415 10;
645 557 92;
645 950 48;
645 32 56;
645 754 42;
645 58 72;
646 201 47;
646 499 84;
646 64 19;
646 55 92;
646 82 75;
647 607 16;
647 153 80;
647 834 87;
647 752 69;
647 497 74;
648 606 20;
648 69 60;
648 611 89;
648 430 64;
648 646 5;
649 501 29;
649 171 88;
649 760 70;
649 297 6;
649 492 32;
650 418 83;
650 686 86;
650 466 61;
650 839 64;
650 195 19;
651 161 83;
651 851 36;
651 319 63;
651 232 39;
651 734 74;
652 36 53;
652 12 33;
652 679 99;
652 729 24;
652 504 61;
653 92 84;
653 72 95;
653 397 77;
653 612 46;
653 678 62;
654 372 16;
654 934 55;
654 304 13;
654 29 51;
654 735 73;
655 173 20;
655 866 89;
655 633 62;
655 646 64;
655 729 70;
656 21 7;
656 501 84;
656 983 32;
656 447 41;
656 231 17;
657 476 28;
657 543 88;
657 283 87;
657 844 13;
657 559 89;
658 118 2;
658 84 90;
658 191 62;
658 693 55;
658 420 81;
659 232 20;
659 973 56;
659 271 94;
659 252 54;
659 379 53;
660 186 28;
660 304 53;
660 352 47;
660 616 65;
660 920 13;
661 50 92;
661 927 21;
661 774 5;
661 392 40;
661 134 4;
662 44 71;
662 114 94;
662 781 84;
662 524 43;
662 605 48;
663 339 35;
663 369 90;
663 77 100;
663 994 37;
663 868 41;
664 336 22;
664 282 2;
664 308 84;
664 138 34;
664 877 16;
665 577 99;
665 81 24;
665 355 10;
665 254 50;
665 685 77;
666 529 56;
666 208 15;
666 562 65;
666 130 34;
666 154 21;
667 202 42;
667 402 25;
667 963 20;
667 559 94;
667 798 71;
668 345 1;
668 230 18;
668 890 42;
668 476 1;
668 218 28;
669 244 62;
669 671 79;
669 388 45;
669 539 62;
669 185 87;
670 514 100;
670 129 64;
670 340 34;
670 133 94;
670 153 99;
671 57 73;
671 687 46;
671 665 32;
671 150 88;
671 944 36;
672 28 97;
672 26 36;
672 864 40;
672 84 81;
672 11 58;
673 420 47;
673 140 49;
673 572 44;
673 268 71;
673 82 100;
674 322 60;
674 985 20;
674 91 87;
674 399 15;
674 683 77;
675 145 49;
675 653 38;
675 975 76;
675 223 64;
675 67 21;
676 610 59;
676 484 23;
676 47 2;
676 522 8;
676 1 31;
677 182 34;
677 886 68;
677 836 11;
677 626 10;
677 96 5;
678 20 61;
678 131 10;
678 449 59;
678 514 73;
678 150 41;
679 506 27;
679 437 70;
679 749 49;
679 197 26;
679 938 60;
680 334 41;
680 97 84;
680 313 82;
680 211 43;
680 139 7;
681 110 12;
681 3 5;
681 225 67;
681 928 85;
681 960 27;
682 598 70;
682 395 8;
682 562 88;
682 591 28;
682 943 75;
683 365 97;
683 352 89;
683 705 54;
683 69 84;
683 689 14;
684 48 34;
684 123 1;
684 249 72;
684 459 52;
684 77 53;
685 202 69;
685 89 53;
685 970 2;
685 772 100;
685 193 20;
686 509 98;
686 270 6;
686 129 70;
686 90 31;
686 749 100;
687 454 42;
687 740 74;
687 383 77;
687 348 19;
687 184 72;
688 22 70;
688 21 15;
688 928 93;
688 157 24;
688 259 84;
689 544 13;
689 210 28;
689 241 99;
689 818 97;
689 80 67;
690 221 68;
690 225 97;
690 812 34;
690 886 47;
690 714 49;
691 436 89;
691 476 77;
691 858 53;
691 920 81;
691 809 90;
692 678 59;
692 646 28;
692 333 72;
692 776 75;
692 103 80;
693 179 2;
693 383 78;
693 961 83;
693 630 58;
693 785 53;
694 165 87;
694 469 95;
694 206 66;
694 98 75;
694 826 26;
695 594 98;
695 280 48;
695 664 22;
695 67 25;
695 479 80;
696 509 89;
696 890 16;
696 34 86;
696 136 48;
696 300 60;
697 184 18;
697 330 22;
697 25 36;
697 263 32;
697 986 63;
698 68 51;
698 958 3;
698 652 56;
698 917 89;
698 878 93;
699 71 60;
699 169 4;
699 227 55;
699 988 50;
699 961 18;
700 30 88;
700 54 40;
700 250 50;
700 861 55;
700 509 43;
701 653 7;
701 481 75;
701 434 64;
701 709 70;
701 783 93;
702 116 31;
702 90 13;
702 9 29;
702 546 73;
702 453 79;
703 112 88;
703 635 57;
703 947 99;
703 980 9;
703 931 99;
704 262 69;
704 625 37;
704 660 89;
704 777 25;
704 450 85;
705 274 13;
705 380 56;
705 941 80;
705 450 49;
705 838 88;
706 532 35;
706 671 70;
706 141 21;
706 974 75;
706 164 65;
707 380 14;
707 323 97;
707 672 5;
707 342 52;
707 13 87;
708 313 95;
708 273 3;
708 996 79;
708 373 48;
708 195 23;
709 112 9;
709 90 35;
709 15 27;
709 369 75;
709 905 98;
710 435 26;
710 459 75;
710 619 59;
710 862 91;
710 172 73;
711 24 46;
711 924 56;
711 639 63;
711 18 68;
711 200 59;
712 125 99;
712 313 77;
712 980 59;
712 97 93;
712 251 97;
713 74 81;
713 733 57;
713 857 69;
713 841 74;
713 304 20;
714 291 39;
714 292 88;
714 73 82;
714 938 75;
714 783 8;
715 338 94;
715 2 20;
715 147 16;
715 513 98;
715 710 84;
716 596 83;
716 663 35;
716 374 69;
716 949 42;
716 656 18;
717 225 87;
717 753 35;
717 101 85;
717 871 66;
717 287 33;
718 706 97;
718 397 32;
718 615 41;
718 801 76;
718 252 25;
719 605 15;
719 564 16;
719 145 60;
719 821 13;
719 528 55;
720 214 7;
720 50 37;
720 691 40;
720 162 21;
720 47 32;
721 128 90;
721 497 8;
721 503 36;
721 809 24;
721 419 15;
722 545 42;
722 869 41;
722 23 24;
722 54 58;
722 660 94;
723 178 15;
723 218 76;
723 436 48;
723 790 65;
723 417 80;
724 280 100;
724 988 61;
724 253 7;
724 852 48;
724 958 75;
725 151 41;
725 694 66;
725 551 64;
725 506 38;
725 651 79;
726 454 42;
726 849 44;
726 428 4;
726 837 17;
726 803 47;
727 22 56;
727 702 35;
727 307 57;
727 475 37;
727 181 16;
728 553 93;
728 350 100;
728 819 64;
728 67 70;
728 202 50;
729 77 95;
729 240 66;
729 335 74;
729 792 55;
729 432 36;
730 92 65;
730 513 4;
730 57 17;
730 364 70;
730 787 71;
731 293 11;
731 479 59;
731 149 30;
731 283 67;
731 147 75;
732 558 28;
732 77 49;
732 478 73;
732 578 96;
732 731 65;
733 18 53;
733 31 75;
733 839 1;
733 145 13;
733 549 14;
734 345 21;
734 458 54;
734 363 89;
734 587 60;
734 377 22;
735 275 34;
735 586 18;
735 732 89;
735 737 69;
735 411 27;
736 496 80;
736 33 54;
736 298 56;
736 829 28;
736 105 84;
737 69 32;
737 671 46;
737 485 1;
737 726 68;
737 511 40;
738 48 12;
738 814 63;
738 527 32;
738 972 50;
738 676 50;
739 166 30;
739 69 68;
739 993 12;
739 53 61;
739 279 21;
740 484 65;
740 287 60;
740 425 52;
740 225 82;
740 936 94;
741 236 11;
741 867 66;
741 382 55;
741 581 20;
741 267 23;
742 348 72;
742 37 51;
742 507 82;
742 53 70;
742 685 23;
743 235 43;
743 499 11;
743 302 48;
743 864 1;
743 679 39;
744 160 10;
744 462 23;
744 73 25;
744 708 24;
744 208 44;
745 369 91;
745 940 51;
745 288 85;
745 767 66;
745 312 92;
746 382 33;
746 307 8;
746 139 36;
746 357 89;
746 624 56;
747 94 14;
747 815 47;
747 112 22;
747 750 64;
747 84 99;
748 126 1;
748 378 23;
748 149 92;
748 348 75;
748 974 89;
749 341 54;
749 267 9;
749 990 98;
749 643 44;
749 653 3;
750 276 80;
750 382 96;
750 93 21;
750 114 19;
750 411 27;
751 249 52;
751 797 87;
751 8 81;
751 805 95;
751 469 26;
752 512 88;
752 979 78;
752 627 62;
752 305 74;
752 16 48;
753 450 92;
753 489 95;
753 244 46;
753 522 64;
753 55 94;
754 322 51;
754 25 20;
754 263 24;
754 170 4;
754 813 89;
755 55 11;
755 762 25;
755 830 66;
755 316 78;
755 780 100;
756 26 20;
756 532 2;
756 818 42;
756 316 86;
756 403 15;
757 678 84;
757 609 10;
757 512 81;
757 37 14;
757 476 78;
758 169 69;
758 384 36;
758 66 86;
758 46 77;
758 41 96;
759 32 71;
759 758 56;
759 332 5;
759 696 52;
759 67 67;
760 314 55;
760 971 36;
760 435 100;
760 949 81;
760 274 32;
761 387 23;
761 286 52;
761 132 46;
761 275 8;
761 976 28;
762 687 88;
762 193 18;
762 874 84;
762 255 60;
762 915 85;
763 66 28;
763 63 83;
763 945 29;
763 797 85;
763 158 20;
764 92 55;
764 791 97;
764 528 82;
764 50 43;
764 192 58;
765 655 9;
765 89 47;
765 187 44;
765 750 8;
765 736 69;
766 603 68;
766 104 61;
766 88 59;
766 140 60;
766 354 5;
767 131 92;
767 750 47;
767 394 41;
767 564 51;
767 515 75;
768 331 52;
768 7 58;
768 733 28;
768 629 47;
768 763 21;
769 612 24;
769 533 6;
769 302 49;
769 705 33;
769 181 56;
770 142 72;
770 774 48;
770 287 30;
770 275 44;
770 548 91;
771 287 53;
771 783 63;
771 477 70;
771 402 56;
771 439 60;
772 454 84;
772 312 65;
772 242 92;
772 55 28;
772 790 66;
773 424 37;
773 308 65;
773 357 68;
773 98 47;
773 551 71;
774 541 16;
774 154 22;
774 518 66;
774 772 16;
774 164 47;
775 283 70;
775 77 71;
775 91 77;
775 558 1;
775 962 58;
776 86 99;
776 433 28;
776 349 83;
776 315 1;
776 394 98;
777 437 42;
777 659 97;
777 223 75;
777 571 70;
777 189 10;
778 260 20;
778 822 66;
778 113 10;
778 312 13;
778 34 70;
779 566 66;
779 3 100;
779 704 79;
779 334 92;
779 445 5;
780 136 32;
780 454 83;
780 101 82;
780 239 26;
780 153 92;
781 415 2;
781 125 55;
781 382 79;
781 119 2;
781 32 28;
782 48 24;
782 758 82;
782 147 95;
782 614 24;
782 609 23;
783 250 68;
783 723 90;
783 842 4;
783 359 85;
783 65 65;
784 62 27;
784 237 32;
784 733 52;
784 242 6;
784 521 74;
785 284 97;
785 241 79;
785 116 65;
785 219 96;
785 822 74;
786 633 28;
786 828 69;
786 922 72;
786 953 33;
786 131 9;
787 237 53;
787 510 43;
787 515 3;
787 247 72;
787 636 55;
788 717 28;
788 290 2;
788 463 50;
788 385 17;
788 266 57;
789 650 7;
789 128 6;
789 617 98;
789 618 71;
789 558 46;
790 219 81;
790 132 11;
790 686 67;
790 697 44;
790 179 75;
791 529 47;
791 999 30;
791 108 12;
791 20 63;
791 575 30;
792 777 100;
792 95 49;
792 116 36;
792 725 9;
792 223 99;
793 532 36;
793 786 93;
793 985 85;
793 902 28;
793 286 46;
794 612 55;
794 517 79;
794 482 72;
794 584 96;
794 942 20;
795 206 17;
795 470 99;
795 58 73;
795 820 12;
795 431 74;
796 50 89;
796 474 11;
796 723 10;
796 744 38;
796 764 84;
797 428 20;
797 939 31;
797 39 61;
797 342 74;
797 76 38;
798 371 15;
798 578 5;
798 900 16;
798 812 31;
798 228 63;
799 210 44;
799 486 99;
799 986 86;
799 501 27;
799 109 56;
800 81 41;
800 788 73;
800 142 34;
800 727 35;
800 983 91;
801 529 75;
801 209 25;
801 577 71;
801 278 89;
801 905 24;
802 492 13;
802 911 55;
802 724 4;
802 565 88;
802 205 98;
803 287 87;
803 526 57;
803 376 61;
803 616 50;
803 858 66;
804 655 36;
804 774 82;
804 386 9;
804 904 64;
804 887 34;
805 632 65;
805 188 69;
805 185 96;
805 72 60;
805 917 75;
806 318 25;
806 984 79;
806 929 49;
806 195 86;
806 154 66;
807 253 79;
807 352 41;
807 355 51;
807 374 89;
807 215 20;
808 218 77;
808 18 91;
808 205 78;
808 270 30;
808 249 94;
809 546 73;
809 321 32;
809 228 10;
809 146 73;
809 140 51;
810 125 70;
810 900 73;
810 141 87;
810 137 57;
810 269 74;
811 690 20;
811 497 12;
811 600 74;
811 172 9;
811 820 84;
812 52 45;
812 922 44;
812 472 99;
812 37 31;
812 744 22;
813 661 35;
813 414 71;
813 35 33;
813 616 32;
813 378 13;
814 49 88;
814 257 20;
814 380 52;
814 485 12;
814 261 85;
815 513 85;
815 97 77;
815 434 17;
815 738 42;
815 360 59;
816 415 49;
816 987 30;
816 868 75;
816 488 43;
816 970 86;
817 681 35;
817 3 82;
817 619 24;
817 978 17;
817 645 41;
818 231 44;
818 363 65;
818 146 6;
818 304 13;
818 579 30;
819 478 58;
819 195 97;
819 797 37;
819 524 37;
819 18 3;
820 524 18;
820 793 6;
820 702 4;
820 453 6;
820 366 68;
821 284 43;
821 365 19;
821 867 39;
821 674 78;
821 507 95;
822 310 68;
822 183 37;
822 536 8;
822 93 42;
822 975 72;
823 372 35;
823 876 53;
823 93 98;
823 567 15;
823 162 28;
824 19 52;
824 625 59;
824 290 1;
824 924 51;
824 807 92;
825 379 75;
825 337 90;
825 88 5;
825 817 97;
825 92 29;
826 43 77;
826 419 60;
826 460 33;
826 11 79;
826 593 69;
827 718 43;
827 410 76;
827 647 1;
827 261 77;
827 778 82;
828 806 52;
828 110 30;
828 765 50;
828 752 11;
828 818 55;
829 20 36;
829 695 66;
829 592 36;
829 66 9;
829 851 86;
830 460 92;
830 647 28;
830 250 84;
830 960 16;
830 605 24;
831 131 45;
831 815 3;
831 430 3;
831 286 48;
831 417 83;
832 13 59;
832 54 36;
832 515 6;
832 246 80;
832 87 6;
833 42 49;
833 674 63;
833 59 58;
833 591 87;
833 145 43;
834 220 53;
834 753 78;
834 638 56;
834 212 72;
834 239 81;
835 691 97;
835 55 36;
835 296 76;
835 39 39;
835 57 99;
836 9 95;
836 218 93;
836 988 80;
836 87 34;
836 311 56;
837 638 60;
837 33 41;
837 88 19;
837 685 72;
837 84 81;
838 114 54;
838 558 59;
838 959 2;
838 359 24;
838 471 84;
839 547 5;
839 370 48;
839 691 72;
839 938 88;
839 246 5;
840 454 25;
840 430 97;
840 525 96;
840 959 62;
840 678 39;
841 175 87;
841 964 7;
841 461 97;
841 939 5;
841 349 18;
842 75 41;
842 188 95;
842 947 34;
842 484 47;
842 636 22;
843 486 77;
843 124 7;
843 906 39;
843 954 42;
843 436 61;
844 549 33;
844 724 22;
844 62 92;
844 964 78;
844 499 45;
845 63 69;
845 127 32;
845 795 95;
845 59 11;
845 286 39;
846 106 99;
846 230 48;
846 267 60;
846 224 42;
846 370 26;
847 275 62;
847 333 79;
847 201 19;
847 147 70;
847 489 9;
848 141 88;
848 541 76;
848 435 17;
848 180 38;
848 436 90;
849 689 100;
849 537 71;
849 164 46;
849 562 89;
849 231 21;
850 480 72;
850 429 61;
850 697 86;
850 266 79;
850 762 96;
851 214 60;
851 547 98;
851 800 77;
851 697 94;
851 616 67;
852 165 36;
852 525 100;
852 474 89;
852 237 25;
852 661 57;
853 437 16;
853 129 51;
853 489 69;
853 446 40;
853 679 99;
854 300 75;
854 99 72;
854 900 13;
854 523 100;
854 84 52;
855 482 21;
855 279 83;
855 874 61;
855 12 20;
855 29 39;
856 240 37;
856 19 29;
856 836 92;
856 573 74;
856 223 24;
857 661 10;
857 488 62;
857 845 31;
857 511 17;
857 234 76;
858 105 92;
858 63 36;
858 382 75;
858 606 73;
858 11 59;
859 247 48;
859 696 45;
859 331 23;
859 283 94;
859 548 18;
860 22 4;
860 966 85;
860 849 49;
860 761 59;
860 364 65;
861 434 49;
861 500 10;
861 959 69;
861 302 82;
861 791 64;
862 283 23;
862 325 5;
862 6 81;
862 704 71;
862 909 73;
863 358 18;
863 857 28;
863 100 18;
863 385 35;
863 739 100;
864 38 82;
864 892 50;
864 342 16;
864 131 6;
864 221 3;
865 26 73;
865 236 1;
865 370 73;
865 364 95;
865 510 27;
866 414 27;
866 676 13;
866 67 24;
866 23 71;
866 658 65;
867 284 38;
867 907 62;
867 647 82;
867 320 30;
867 417 47;
868 71 89;
868 927 37;
868 733 24;
868 901 49;
868 590 95;
869 710 81;
869 814 79;
869 783 56;
869 133 43;
869 35 26;
870 7 39;
870 380 55;
870 328 52;
870 753 1;
870 409 85;
871 171 23;
871 159 53;
871 177 20;
871 439 86;
871 956 82;
872 824 33;
872 638 2;
872 903 90;
872 772 100;
872 46 66;
873 747 23;
873 215 48;
873 644 89;
873 452 31;
873 508 9;
874 428 64;
874 814 65;
874 24 55;
874 485 47;
874 34 76;
875 716 74;
875 224 95;
875 199 57;
875 58 55;
875 128 63;
876 161 31;
876 100 42;
876 600 94;
876 399 93;
876 37 11;
877 699 38;
877 854 62;
877 999 88;
877 26 95;
877 75 38;
878 701 6;
878 457 73;
878 30 20;
878 358 100;
878 366 79;
879 6 44;
879 901 12;
879 50 60;
879 107 13;
879 713 38;
880 357 91;
880 172 11;
880 477 66;
880 221 20;
880 417 15;
881 137 25;
881 382 10;
881 412 73;
881 69 73;
881 892 67;
882 724 16;
882 98 14;
882 76 54;
882 247 27;
882 931 83;
883 316 26;
883 420 6;
883 165 18;
883 761 64;
883 818 37;
884 656 83;
884 92 46;
884 43 47;
884 615 89;
884 923 61;
885 628 47;
885 492 53;
885 443 98;
885 519 94;
885 921 63;
886 269 10;
886 21 8;
886 5 19;
886 348 93;
886 336 3;
887 575 10;
887 922 13;
887 248 5;
887 551 30;
887 957 77;
888 392 38;
888 140 50;
888 401 34;
888 329 32;
888 17 92;
889 93 8;
889 508 42;
889 991 39;
889 598 5;
889 34 67;
890 238 90;
890 170 60;
890 427 8;
890 856 12;
890 661 73;
891 22 75;
891 272 56;
891 544 34;
891 430 71;
891 378 12;
892 104 76;
892 281 19;
892 567 83;
892 616 7;
892 384 88;
893 488 48;
893 711 98;
893 389 57;
893 243 57;
893 355 31;
894 547 52;
894 491 80;
894 66 44;
894 668 42;
894 826 23;
895 635 84;
895 175 27;
895 205 38;
895 887 25;
895 841 71;
896 61 90;
896 644 76;
896 376 44;
896 928 48;
896 983 79;
897 754 33;
897 213 21;
897 302 67;
897 179 88;
897 698 9;
898 90 9;
898 561 74;
898 498 54;
898 499 19;
898 750 82;
899 420 65;
899 889 32;
899 687 79;
899 174 100;
899 643 87;
900 320 4;
900 910 6;
900 348 24;
900 301 33;
900 892 1;
901 468 35;
901 729 78;
901 284 31;
901 920 26;
901 111 76;
902 213 18;
902 801 27;
902 205 16;
902 547 97;
902 4 81;
903 66 36;
903 406 26;
903 183 99;
903 660 70;
903 894 19;
904 79 62;
904 544 46;
904 605 73;
904 359 68;
904 623 44;
905 231 5;
905 777 52;
905 268 86;
905 549 15;
905 354 29;
906 222 75;
906 965 18;
906 748 29;
906 554 22;
906 599 25;
907 90 80;
907 878 5;
907 508 99;
907 656 22;
907 641 23;
908 85 77;
908 125 4;
908 47 74;
908 783 99;
908 292 17;
909 217 92;
909 398 97;
909 789 46;
909 718 11;
909 135 17;
910 239 53;
910 268 60;
910 34 27;
910 154 51;
910 810 94;
911 534 89;
911 513 83;
911 663 77;
911 3 20;
911 538 60;
912 612 15;
912 386 29;
912 626 76;
912 363 35;
912 455 23;
913 194 36;
913 458 80;
913 460 27;
913 243 15;
913 456 85;
914 114 67;
914 415 66;
914 805 16;
914 230 55;
914 120 80;
915 638 100;
915 117 2;
915 131 21;
915 581 75;
915 301 94;
916 196 90;
916 487 2;
916 474 20;
916 429 34;
916 522 12;
917 399 15;
917 86 68;
917 21 100;
917 494 42;
917 716 52;
918 355 94;
918 68 31;
918 737 98;
918 402 18;
918 258 73;
919 376 99;
919 293 31;
919 970 62;
919 620 7;
919 327 48;
920 347 82;
920 394 48;
920 196 24;
920 625 9;
920 574 44;
921 227 91;
921 998 15;
921 341 12;
921 680 26;
921 133 20;
922 665 37;
922 957 38;
922 989 9;
922 928 98;
922 754 21;
923 463 24;
923 898 69;
923 619 50;
923 127 53;
923 723 69;
924 205 69;
924 196 80;
924 5 15;
924 532 57;
924 182 11;
925 190 47;
925 865 32;
925 330 36;
925 29 27;
925 454 13;
926 232 99;
926 600 14;
926 28 49;
926 245 100;
926 588 59;
927 713 79;
927 813 73;
927 407 8;
927 360 9;
927 456 31;
928 362 17;
928 505 40;
928 590 100;
928 148 35;
928 373 75;
929 223 62;
929 150 48;
929 80 69;
929 54 48;
929 635 58;
930 437 89;
930 724 21;
930 566 3;
930 641 64;
930 994 86;
931 14 15;
931 141 95;
931 958 9;
931 67 77;
931 667 2;
932 717 97;
932 362 55;
932 945 28;
932 376 97;
932 273 59;
933 114 42;
933 733 14;
933 291 100;
933 361 70;
933 562 48;
934 332 13;
934 935 7;
934 670 91;
934 473 23;
934 941 40;
935 617 98;
935 932 70;
935 505 22;
935 752 27;
935 755 41;
936 647 86;
936 243 79;
936 307 94;
936 179 48;
936 482 86;
937 304 45;
937 84 81;
937 609 36;
937 922 76;
937 623 52;
938 542 1;
938 505 67;
938 992 24;
938 418 3;
938 422 30;
939 428 76;
939 36 77;
939 446 38;
939 996 71;
939 913 18;
940 108 90;
940 870 72;
940 934 52;
940 905 96;
940 2 79;
941 514 67;
941 655 39;
941 534 27;
941 196 86;
941 883 49;
942 635 25;
942 230 50;
942 897 3;
942 338 63;
942 603 7;
943 291 62;
943 392 73;
943 165 9;
943 895 45;
943 638 90;
944 802 74;
944 874 71;
944 48 22;
944 507 26;
944 265 74;
945 105 82;
945 877 79;
945 604 33;
945 103 47;
945 108 87;
946 185 31;
946 672 67;
946 632 21;
946 306 93;
946 362 17;
947 640 43;
947 191 11;
947 294 27;
947 599 13;
947 72 91;
948 36 55;
948 455 4;
948 758 24;
948 904 28;
948 708 95;
949 308 24;
949 33 77;
949 452 80;
949 915 98;
949 776 1;
950 95 34;
950 322 11;
950 452 9;
950 982 22;
950 792 4;
951 441 78;
951 517 8;
951 350 93;
951 469 29;
951 623 48;
952 124 46;
952 513 85;
952 713 88;
952 305 74;
952 688 20;
953 7 46;
953 302 94;
953 349 13;
953 309 45;
953 495 82;
954 55 90;
954 578 74;
954 442 38;
954 909 12;
954 148 80;
955 131 2;
955 806 25;
955 934 14;
955 215 8;
955 817 33;
956 212 43;
956 519 49;
956 905 99;
956 84 41;
956 209 28;
957 918 60;
957 182 75;
957 633 52;
957 379 98;
957 53 32;
958 202 94;
958 559 30;
958 977 62;
958 704 95;
958 176 47;
959 277 1;
959 9 1;
959 648 56;
959 634 56;
959 661 3;
960 701 83;
960 288 70;
960 467 77;
960 134 52;
960 70 3;
961 114 44;
961 204 56;
961 835 43;
961 95 34;
961 604 20;
962 691 78;
962 44 49;
962 239 8;
962 129 67;
962 946 69;
963 391 17;
963 269 75;
963 703 52;
963 882 58;
963 151 86;
964 126 30;
964 674 33;
964 537 100;
964 251 26;
964 432 88;
965 222 100;
965 180 93;
965 866 87;
965 858 94;
965 775 44;
966 510 63;
966 786 40;
966 490 44;
966 37 94;
966 900 98;
967 842 62;
967 642 53;
967 724 47;
967 205 82;
967 844 97;
968 61 54;
968 344 21;
968 812 78;
968 372 6;
968 424 5;
969 50 65;
969 677 6;
969 679 56;
969 314 46;
969 518 74;
970 436 85;
970 376 38;
970 739 75;
970 640 48;
970 211 95;
971 74 20;
971 639 19;
971 918 83;
971 452 93;
971 962 36;
972 119 85;
972 956 57;
972 345 92;
972 524 40;
972 130 51;
973 10 79;
973 365 47;
973 848 73;
973 239 19;
973 93 65;
974 547 54;
974 926 56;
974 954 62;
974 507 79;
974 833 42;
975 150 29;
975 690 74;
975 629 89;
975 449 21;
975 466 3;
976 348 3;
976 83 45;
976 636 18;
976 736 38;
976 443 90;
977 119 40;
977 380 7;
977 596 73;
977 5 80;
977 113 28;
978 402 2;
978 13 18;
978 808 6;
978 986 68;
978 64 72;
979 543 83;
979 479 10;
979 959 42;
979 859 85;
979 356 53;
980 128 54;
980 887 51;
980 618 24;
980 755 76;
980 100 28;
981 400 77;
981 985 59;
981 593 6;
981 387 99;
981 718 41;
982 12 18;
982 281 96;
982 540 82;
982 98 72;
982 170 36;
983 563 10;
983 480 75;
983 853 91;
983 222 8;
983 374 14;
984 166 33;
984 824 67;
984 427 50;
984 19 73;
984 617 65;
985 39 56;
985 252 35;
985 700 87;
985 37 68;
985 785 53;
986 268 79;
986 886 62;
986 514 87;
986 846 25;
986 188 36;
987 427 43;
987 940 22;
987 262 49;
987 529 57;
987 575 22;
988 554 91;
988 151 56;
988 286 73;
988 950 15;
988 817 23;
989 585 4;
989 487 20;
989 599 71;
989 707 33;
989 906 40;
990 629 93;
990 110 85;
990 893 54;
990 50 75;
990 202 41;
991 799 40;
991 605 34;
991 135 7;
991 288 61;
991 316 47;
992 459 93;
992 463 9;
992 570 42;
992 227 54;
992 964 76;
993 503 27;
993 26 45;
993 20 51;
993 591 48;
993 489 13;
994 57 71;
994 552 17;
994 720 15;
994 489 48;
994 753 16;
995 43 21;
995 846 60;
995 676 83;
995 777 14;
995 225 51;
996 322 10;
996 595 89;
996 302 91;
996 275 37;
996 381 83;
997 188 61;
997 473 27;
997 115 83;
997 340 5;
997 590 93;
998 472 100;
998 42 100;
998 267 35;
998 20 70;
998 994 25;
999 524 83;
999 592 32;
999 210 77;
999 117 32;
999 519 57;
1000 516 28;
1000 115 67;
1000 707 59;
1000 33 84;
1000 647 61;
